0.01875 -7.6649624148e-12
2.5000000000e-02 -2.4092169232e-11
3.1250000000e-02 -4.8345463050e-11
3.7500000000e-02 -7.9420095500e-11
4.3750000000e-02 -1.1665662880e-10
5.0000000000e-02 -1.5964097405e-10
5.6250000000e-02 -2.0806202594e-10
6.2500000000e-02 -2.6163721190e-10
6.8750000000e-02 -3.2009253581e-10
7.5000000000e-02 -3.8315745021e-10
8.1250000000e-02 -4.5057985121e-10
8.7500000000e-02 -5.2211929225e-10
9.3750000000e-02 -5.9754695636e-10
1.0000000000e-01 -6.7664612802e-10
1.0625000000e-01 -7.5921303966e-10
1.1250000000e-01 -8.4504840625e-10
1.1875000000e-01 -9.3395764733e-10
1.2500000000e-01 -1.0257851651e-09
1.3125000000e-01 -1.1203691308e-09
1.3750000000e-01 -1.2175453146e-09
1.4375000000e-01 -1.3171587987e-09
1.5000000000e-01 -1.4190546793e-09
1.5625000000e-01 -1.5231202410e-09
1.6250000000e-01 -1.6292560356e-09
1.6875000000e-01 -1.7373021355e-09
1.7500000000e-01 -1.8471892071e-09
1.8125000000e-01 -1.9587728939e-09
1.8750000000e-01 -2.0719223282e-09
1.9375000000e-01 -2.1865779742e-09
2.0000000000e-01 -2.3026270890e-09
2.0625000000e-01 -2.4200444981e-09
2.1250000000e-01 -2.5387402736e-09
2.1875000000e-01 -2.6585113833e-09
2.2500000000e-01 -2.7793969348e-09
2.3125000000e-01 -2.9012902358e-09
2.3750000000e-01 -3.0241503468e-09
2.4375000000e-01 -3.1479558404e-09
2.5000000000e-01 -3.2725572530e-09
2.5625000000e-01 -3.3979029035e-09
2.6250000000e-01 -3.5241158880e-09
2.6875000000e-01 -3.6509756329e-09
2.7500000000e-01 -3.7783400297e-09
2.8125000000e-01 -3.9061994195e-09
2.8750000000e-01 -4.0347709618e-09
2.9375000000e-01 -4.1637845949e-09
3.0000000000e-01 -4.2930853872e-09
3.0625000000e-01 -4.4228085638e-09
3.1250000000e-01 -4.5530016424e-09
3.1875000000e-01 -4.6833614764e-09
3.2500000000e-01 -4.8142098641e-09
3.3125000000e-01 -4.9456406748e-09
3.3750000000e-01 -5.0773061866e-09
3.4375000000e-01 -5.2088238722e-09
3.5000000000e-01 -5.3404528022e-09
3.5625000000e-01 -5.4723805487e-09
3.6250000000e-01 -5.6044978103e-09
3.6875000000e-01 -5.7370109219e-09
3.7500000000e-01 -5.8695232008e-09
3.8125000000e-01 -6.0016886461e-09
3.8750000000e-01 -6.1339043289e-09
3.9375000000e-01 -6.2663811362e-09
4.0000000000e-01 -6.3989343824e-09
4.0625000000e-01 -6.5313716657e-09
4.1250000000e-01 -6.6637884655e-09
4.1875000000e-01 -6.7957638406e-09
4.2500000000e-01 -6.9285512883e-09
4.3125000000e-01 -7.0617824921e-09
4.3750000000e-01 -7.1938883739e-09
4.4375000000e-01 -7.3254284860e-09
4.5000000000e-01 -7.4574888487e-09
4.5625000000e-01 -7.5895948970e-09
4.6250000000e-01 -7.7219289296e-09
4.6875000000e-01 -7.8535990489e-09
4.7500000000e-01 -7.9847181089e-09
4.8125000000e-01 -8.1154140630e-09
4.8750000000e-01 -8.2467055962e-09
4.9375000000e-01 -8.3777278448e-09
5.0000000000e-01 -8.5078143419e-09
5.0625000000e-01 -8.6378676434e-09
5.1250000000e-01 -8.7675146587e-09
5.1875000000e-01 -8.8965805833e-09
5.2500000000e-01 -9.0260291463e-09
5.3125000000e-01 -9.1550401704e-09
5.3750000000e-01 -9.2835482635e-09
5.4375000000e-01 -9.4134059436e-09
5.5000000000e-01 -9.5418010160e-09
5.5625000000e-01 -9.6699506180e-09
5.6250000000e-01 -9.7991619263e-09
5.6875000000e-01 -9.9268047116e-09
5.7500000000e-01 -1.0053786803e-08
5.8125000000e-01 -1.0179077581e-08
5.8750000000e-01 -1.0303921494e-08
5.9375000000e-01 -1.0429582642e-08
6.0000000000e-01 -1.0553959151e-08
6.0625000000e-01 -1.0678897100e-08
6.1250000000e-01 -1.0803971717e-08
6.1875000000e-01 -1.0929268157e-08
6.2500000000e-01 -1.1053708393e-08
6.3125000000e-01 -1.1177336723e-08
6.3750000000e-01 -1.1300391067e-08
6.4375000000e-01 -1.1422013446e-08
6.5000000000e-01 -1.1543874967e-08
6.5625000000e-01 -1.1667228628e-08
6.6250000000e-01 -1.1789096810e-08
6.6875000000e-01 -1.1909783715e-08
6.7500000000e-01 -1.2028999574e-08
6.8125000000e-01 -1.2149908191e-08
6.8750000000e-01 -1.2273220995e-08
6.9375000000e-01 -1.2395206417e-08
7.0000000000e-01 -1.2515601666e-08
7.0625000000e-01 -1.2632220936e-08
7.1250000000e-01 -1.2750103973e-08
7.1875000000e-01 -1.2869768140e-08
7.2500000000e-01 -1.2988293885e-08
7.3125000000e-01 -1.3105472596e-08
7.3750000000e-01 -1.3221711725e-08
7.4375000000e-01 -1.3340151539e-08
7.5000000000e-01 -1.3458646086e-08
7.5625000000e-01 -1.3572354685e-08
7.6250000000e-01 -1.3685714673e-08
7.6875000000e-01 -1.3798855725e-08
7.7500000000e-01 -1.3909247643e-08
7.8125000000e-01 -1.4022503714e-08
7.8750000000e-01 -1.4135901005e-08
7.9375000000e-01 -1.4245531532e-08
8.0000000000e-01 -1.4351940747e-08
8.0625000000e-01 -1.4459822562e-08
8.1250000000e-01 -1.4572015261e-08
8.1875000000e-01 -1.4682549510e-08
8.2500000000e-01 -1.4790928149e-08
8.3125000000e-01 -1.4892984623e-08
8.3750000000e-01 -1.4993790542e-08
8.4375000000e-01 -1.5101122464e-08
8.5000000000e-01 -1.5211751525e-08
8.5625000000e-01 -1.5320894220e-08
8.6250000000e-01 -1.5424900468e-08
8.6875000000e-01 -1.5530804531e-08
8.7500000000e-01 -1.5638449979e-08
8.8125000000e-01 -1.5741159487e-08
8.8750000000e-01 -1.5842785528e-08
8.9375000000e-01 -1.5944299880e-08
9.0000000000e-01 -1.6048872564e-08
9.0625000000e-01 -1.6153632210e-08
9.1250000000e-01 -1.6252831747e-08
9.1875000000e-01 -1.6347529441e-08
9.2500000000e-01 -1.6440896311e-08
9.3125000000e-01 -1.6533992508e-08
9.3750000000e-01 -1.6635122391e-08
9.4375000000e-01 -1.6736020680e-08
9.5000000000e-01 -1.6831450345e-08
9.5625000000e-01 -1.6925275292e-08
9.6250000000e-01 -1.7020079235e-08
9.6875000000e-01 -1.7118208406e-08
9.7500000000e-01 -1.7213560022e-08
9.8125000000e-01 -1.7306179823e-08
9.8750000000e-01 -1.7391609708e-08
9.9375000000e-01 -1.7475653480e-08
1.0000000000e+00 -1.7567071131e-08
